[191,
 771,
 1123,
 1888,
 1450,
 340,
 361,
 1734,
 1096,
 1722,
 974,
 834,
 1693,
 1566,
 1246,
 845,
 1405,
 491,
 1025,
 41,
 1722,
 516,
 329,
 953,
 756,
 762,
 151,
 90,
 854,
 386,
 63,
 1188,
 1964,
 1799,
 1522,
 1995,
 215,
 1197,
 1071,
 754,
 478,
 1394,
 1349,
 1983,
 1416,
 767,
 232,
 1218,
 1805,
 1074,
 1986,
 1748,
 450,
 1261,
 800,
 587,
 535,
 382,
 1499,
 940,
 1526,
 629,
 569,
 1615,
 780,
 1482,
 420,
 26,
 1808,
 1532,
 802,
 313,
 434,
 851,
 757,
 1102,
 377,
 923,
 781,
 1513,
 1721,
 851,
 174,
 416,
 1820,
 986,
 1444,
 794,
 569,
 646,
 1207,
 1788,
 915,
 858,
 1296,
 1443,
 1508,
 1827,
 1333,
 668]
